1111111111111111111111111
1222222222222222222222221
1000000000000000000000001
1001111111111111100000101
1001222222221222200000101
1001000000001000001111101
1001111111001001001222201
1002222222002001001000001
1000000000000001001001111
1111111111111111111001222
1222222222222222221002003
1000000000000000001000003
1001111111111111111111003
1001222222222222221222003
1001000000000000001000001
1001000100011111001001111
1001000100012222001002221
1001000100010000001000001
1001000100010000001111001
1001000100010000002221001
1002000100010000000001001
1000000100011111111111001
1000000100022222222222001
1000000100000000000000001
1111111111111111111111111