1111111111111111111111111
1122222222222222222222221
1100000011111000000011101
1100000022222000000022101
1100000000000000000000101
1200000000000000111111101
1000000000010000222222201
1000000000010000000000001
1000000000010000111110001
2000011000010000122220002
4000022000010000100000003
4000000000010000100000003
4000001111110000200000003
4000002222220000000000003
1000000000000000000000001
1000011111000000000000001
1000022221111111111000001
1000000002222222222000001
1000000000000000000000001
1011111000000000000000001
1022222000000000100000001
1000000000000000100000001
1000000000000000200000001
1000000000000000000000001
1111111111111111111111111