1111111111111111111111111
1222222222222222222222221
1000000000000000000000001
1000000000111110000000001
1000000001122211000000001
1000000011200021100000001
1000000112005002110000001
1000000211000001120000001
1000000021000011200000001
2000000002000022000000001
4000000000000000000000001
4000000000000000000000001
4000000000000000000000001
4000000000000000000000001
1000000000000000000000001
1000000000000001111000001
1000000000000112221000001
1000000000001120002000001
1000000000001200000011001
1000000000001100000112001
1000000000002100000220001
1000000000000200000000001
1000000000000000000000001
1000000000000000000000001
1111111111111111111111111